12
Study 10
Hall 11
Lounge 12
Dining Room 13
Kitchen 14
Ballroom 15
Conservatory 16
Billiard Room 17
Library 18
Cellar 19
Empty Tile 20
Invalid Tile 21
10
10 17 20 5 1
11 12 17 11 17 15 20
12 6 18 22 5
13 6 16 8 12
14 4 7 23 21
15 14 8 9 8 16 5 7 5
16 18 5 0 19
17 22 13 17 9
18 20 13 16 16
19 13 17 12 17 11 17
6
Colonel Mustard 1
Miss Scarlett 2
Professor Plum 3
Mrs. Peacock 4
The Reverend Green 5
Mrs. White 6
6
1 0 17
2 7 24
3 23 19
4 23 6
5 14 0
6 9 0
24
25
21 21 21 21 21 21 21 21 21 20 15 15 15 15 20 21 21 21 21 21 21 21 21 21
14 14 14 14 14 14 20 20 20 20 15 15 15 15 20 20 20 21 16 16 16 16 16 16
14 14 14 14 14 14 20 20 15 15 15 15 15 15 15 15 20 20 16 16 16 16 16 16
14 14 14 14 14 14 20 20 15 15 15 15 15 15 15 15 20 20 16 16 16 16 16 16
14 14 14 14 14 14 20 20 15 15 15 15 15 15 15 15 20 20 16 16 16 16 16 16
14 14 14 14 14 14 20 20 15 15 15 15 15 15 15 15 20 20 20 16 16 16 16 21
21 14 14 14 14 14 20 20 15 15 15 15 15 15 15 15 20 20 20 20 20 20 20 20
20 20 20 20 20 20 20 20 15 15 15 15 15 15 15 15 20 20 20 20 20 20 20 21
21 20 20 20 20 20 20 20 20 20 20 20 20 20 20 20 20 20 17 17 17 17 17 17
13 13 13 13 13 20 20 20 20 20 20 20 20 20 20 20 20 20 17 17 17 17 17 17
13 13 13 13 13 13 13 13 20 20 19 19 19 19 19 20 20 20 17 17 17 17 17 17
13 13 13 13 13 13 13 13 20 20 19 19 19 19 19 20 20 20 17 17 17 17 17 17
13 13 13 13 13 13 13 13 20 20 19 19 19 19 19 20 20 20 17 17 17 17 17 17
13 13 13 13 13 13 13 13 20 20 19 19 19 19 19 20 20 20 20 20 20 20 20 21
13 13 13 13 13 13 13 13 20 20 19 19 19 19 19 20 20 20 18 18 18 18 18 21
13 13 13 13 13 13 13 13 20 20 19 19 19 19 19 20 20 18 18 18 18 18 18 18
21 20 20 20 20 20 20 20 20 20 19 19 19 19 19 20 20 18 18 18 18 18 18 18
20 20 20 20 20 20 20 20 20 20 20 20 20 20 20 20 20 18 18 18 18 18 18 18
21 20 20 20 20 20 20 20 20 11 11 11 11 11 11 20 20 20 18 18 18 18 18 21
12 12 12 12 12 12 12 20 20 11 11 11 11 11 11 20 20 20 20 20 20 20 20 20
12 12 12 12 12 12 12 20 20 11 11 11 11 11 11 20 20 20 20 20 20 20 20 21
12 12 12 12 12 12 12 20 20 11 11 11 11 11 11 20 20 10 10 10 10 10 10 10
12 12 12 12 12 12 12 20 20 11 11 11 11 11 11 20 20 10 10 10 10 10 10 10
12 12 12 12 12 12 12 20 20 11 11 11 11 11 11 20 20 10 10 10 10 10 10 10
12 12 12 12 12 12 21 20 21 21 11 11 11 11 21 21 20 21 10 10 10 10 10 10
